start=159.345188
pause=yes
volume=80.000000
