start=9.555379
volume=82.000000
