start=1122.008000
pause=yes
volume=84.000000
fullscreen=yes
aid=2
