start=0.459000
volume=72.000000
fullscreen=yes
aid=2
sid=1
