start=15.573544
volume=80.000000
fullscreen=yes
