start=2.215648
volume=82.000000
