start=552.552000
volume=74.000000
fullscreen=yes
