start=1077.451375
volume=90.000000
fullscreen=no
