start=251.460000
pause=yes
volume=64.000000
