start=11.470000
speed=1.464100
fullscreen=yes
aid=2
