start=2184.412000
pause=yes
fullscreen=no
contrast=1
aid=2
sub-delay=-0.000000
