start=3.969000
volume=102.000000
fullscreen=yes
