start=1369.326000
volume=86.000000
fullscreen=yes
