start=126.317311
volume=66.000000
