start=1305.763000
sub-delay=-0.100000
