start=1048.631000
volume=92.000000
fullscreen=no
