start=1265.431000
volume=94.000000
