start=57.866667
speed=0.826446
fullscreen=yes
ab-loop-a=23.133333
