start=300.217000
volume=98.000000
fullscreen=yes
